
[
    {
        "EmpID":8,
        "SignalStrength1":"-47,-48,-49,-50,-51,-52,-53,-52,-51,-50,-49,-48,-46,-47",
        "SignalStrength2":"-56,-57,-58,-59,-60,-61,-62,-61,-60,-59,-58,-57,-56,-55",
        "SignalStrength3":"-66,-67,-67,-68,-69,-70,-71,-70,-69,-68,-67,-66,-65,-64"
    },
    {
        "EmpID":10,
        "SignalStrength1":"-47,-48,-49,-50,-51,-52,-53,-52,-51,-50,-49,-48,-46,-47",
        "SignalStrength2":"-66,-67,-67,-68,-69,-70,-71,-70,-69,-68,-67,-66,-65,-64",
        "SignalStrength3":"-56,-57,-58,-59,-60,-61,-62,-61,-60,-59,-58,-57,-56,-55"
    },
    {
        "EmpID":11,
        "SignalStrength1":"-66,-67,-67,-68,-69,-70,-71,-70,-69,-68,-67,-66,-65,-64",
        "SignalStrength2":"-56,-57,-58,-59,-60,-61,-62,-61,-60,-59,-58,-57,-56,-55",
        "SignalStrength3":"-47,-48,-49,-50,-51,-52,-53,-52,-51,-50,-49,-48,-46,-47"
    },
    {
        "EmpID":12,
        "SignalStrength1":"-56,-57,-58,-59,-60,-61,-62,-61,-60,-59,-58,-57,-56,-55",
        "SignalStrength2":"-66,-67,-67,-68,-69,-70,-71,-70,-69,-68,-67,-66,-65,-64",
        "SignalStrength3":"-47,-48,-49,-50,-51,-52,-53,-52,-51,-50,-49,-48,-46,-47"
    },
    {
        "EmpID":14,
        "SignalStrength1":"-49,-50,-51,-52,-53,-52,-51,-50,-49,-48,-46,-47,-45,-44",
        "SignalStrength2":"-58,-59,-60,-61,-62,-61,-60,-59,-58,-57,-56,-55,-54,-53",
        "SignalStrength3":"-67,-68,-69,-70,-71,-70,-69,-68,-67,-66,-65,-64,-63,-62"
    },
    {
        "EmpID":15,
        "SignalStrength1":"-48,-49,-50,-51,-52,-53,-52,-51,-50,-49,-48,-46,-47,-46",
        "SignalStrength2":"-67,-67,-68,-69,-70,-71,-70,-69,-68,-67,-66,-65,-64,-63",
        "SignalStrength3":"-57,-58,-59,-60,-61,-62,-61,-60,-59,-58,-57,-56,-55,-54"
    },
    {
        "EmpID":16,
        "SignalStrength1":"-66,-67,-67,-68,-69,-70,-71,-70,-69,-68,-67,-66,-65,-64",
        "SignalStrength2":"-56,-57,-58,-59,-60,-61,-62,-61,-60,-59,-58,-57,-56,-55",
        "SignalStrength3":"-49,-50,-51,-52,-53,-52,-51,-50,-49,-48,-47,-46,-45,-44"
    },
    {
        "EmpID":17,
        "SignalStrength1":"-58,-59,-60,-61,-62,-61,-60,-59,-58,-57,-56,-55,-54,-53",
        "SignalStrength2":"-69,-70,-71,-70,-69,-68,-67,-66,-65,-64,-63,-62,-61,-60",
        "SignalStrength3":"-49,-50,-51,-52,-53,-52,-51,-50,-49,-48,-46,-47,-46,-45"
    },{
        "EmpID":18,
        "SignalStrength1":"-49,-50,-51,-52,-53,-52,-51,-50,-49,-48,-46,-47,-45,-44",
        "SignalStrength2":"-60,-61,-62,-61,-60,-59,-58,-57,-56,-55,-53,-52,-51,-50",
        "SignalStrength3":"-67,-68,-69,-70,-71,-70,-69,-68,-67,-66,-65,-64,-63,-62"
    },
    {
        "EmpID":19,
        "SignalStrength1":"-47,-48,-49,-50,-51,-52,-53,-52,-51,-50,-49,-48,-46,-47",
        "SignalStrength2":"-66,-67,-67,-68,-69,-70,-71,-70,-69,-68,-67,-66,-65,-64",
        "SignalStrength3":"-56,-57,-58,-59,-60,-61,-62,-61,-60,-59,-58,-57,-56,-55"
    },
    {
        "EmpID":20,
        "SignalStrength1":"-66,-67,-67,-68,-69,-70,-71,-70,-69,-68,-67,-66,-65,-64",
        "SignalStrength2":"-56,-57,-58,-59,-60,-61,-62,-61,-60,-59,-58,-57,-56,-55",
        "SignalStrength3":"-47,-48,-49,-50,-51,-52,-53,-52,-51,-50,-49,-48,-46,-47"
    },
    {
        "EmpID":21,
        "SignalStrength1":"-56,-57,-58,-59,-60,-61,-62,-61,-60,-59,-58,-57,-56,-55",
        "SignalStrength2":"-66,-67,-67,-68,-69,-70,-71,-70,-69,-68,-67,-66,-65,-64",
        "SignalStrength3":"-47,-48,-49,-50,-51,-52,-53,-52,-51,-50,-49,-48,-46,-47"
    },
    {
        "EmpID":22,
        "SignalStrength1":"-47,-48,-49,-50,-51,-52,-53,-52,-51,-50,-49,-48,-46,-47",
        "SignalStrength2":"-56,-57,-58,-59,-60,-61,-62,-61,-60,-59,-58,-57,-56,-55",
        "SignalStrength3":"-66,-67,-67,-68,-69,-70,-71,-70,-69,-68,-67,-66,-65,-64"
    },
    {
        "EmpID":23,
        "SignalStrength1":"-47,-48,-49,-50,-51,-52,-53,-52,-51,-50,-49,-48,-46,-47",
        "SignalStrength2":"-66,-67,-67,-68,-69,-70,-71,-70,-69,-68,-67,-66,-65,-64",
        "SignalStrength3":"-56,-57,-58,-59,-60,-61,-62,-61,-60,-59,-58,-57,-56,-55"
    },
    {
        "EmpID":24,
        "SignalStrength1":"-66,-67,-67,-68,-69,-70,-71,-70,-69,-68,-67,-66,-65,-64",
        "SignalStrength2":"-56,-57,-58,-59,-60,-61,-62,-61,-60,-59,-58,-57,-56,-55",
        "SignalStrength3":"-47,-48,-49,-50,-51,-52,-53,-52,-51,-50,-49,-48,-46,-47"
    },
    {
        "EmpID":25,
        "SignalStrength1":"-56,-57,-58,-59,-60,-61,-62,-61,-60,-59,-58,-57,-56,-55",
        "SignalStrength2":"-66,-67,-67,-68,-69,-70,-71,-70,-69,-68,-67,-66,-65,-64",
        "SignalStrength3":"-47,-48,-49,-50,-51,-52,-53,-52,-51,-50,-49,-48,-46,-47"
    },
    {
        "EmpID":26,
        "SignalStrength1":"-47,-48,-49,-50,-51,-52,-53,-52,-51,-50,-49,-48,-46,-47",
        "SignalStrength2":"-56,-57,-58,-59,-60,-61,-62,-61,-60,-59,-58,-57,-56,-55",
        "SignalStrength3":"-66,-67,-67,-68,-69,-70,-71,-70,-69,-68,-67,-66,-65,-64"
    },
    {
        "EmpID":27,
        "SignalStrength1":"-47,-48,-49,-50,-51,-52,-53,-52,-51,-50,-49,-48,-46,-47",
        "SignalStrength2":"-66,-67,-67,-68,-69,-70,-71,-70,-69,-68,-67,-66,-65,-64",
        "SignalStrength3":"-56,-57,-58,-59,-60,-61,-62,-61,-60,-59,-58,-57,-56,-55"
    },
    {
        "EmpID":28,
        "SignalStrength1":"-66,-67,-67,-68,-69,-70,-71,-70,-69,-68,-67,-66,-65,-64",
        "SignalStrength2":"-56,-57,-58,-59,-60,-61,-62,-61,-60,-59,-58,-57,-56,-55",
        "SignalStrength3":"-47,-48,-49,-50,-51,-52,-53,-52,-51,-50,-49,-48,-46,-47"
    },
    {
        "EmpID":29,
        "SignalStrength1":"-56,-57,-58,-59,-60,-61,-62,-61,-60,-59,-58,-57,-56,-55",
        "SignalStrength2":"-66,-67,-67,-68,-69,-70,-71,-70,-69,-68,-67,-66,-65,-64",
        "SignalStrength3":"-47,-48,-49,-50,-51,-52,-53,-52,-51,-50,-49,-48,-46,-47"
    }
]